
                      Cluster
Attribute                   0         1         2         3
                      (10880)   (13121)    (6464)    (4850)
============================================================
winner_ht
  value                 180.09  188.8435  187.8883  185.8835
  min                      163       168       173       163
  max                      198       208       208       208
  mean                180.4352  188.9956  187.7635  186.2697
  std. dev.              4.937    5.3942    6.6825    6.6791

winner_ioc
  value                17.4855   21.5323   14.8032   17.8513
  min                        0         0         0         0
  max                       94       103        86        87
  mean                 16.7125    20.609   15.2856   18.0256
  std. dev.            16.0987   20.4237   12.9703   16.9397

loser_ht
  value               180.9227  187.6095  186.4989  187.0194
  min                      163       168       163       168
  max                      203       208       208       208
  mean                181.0433  187.6429  186.1392  187.0252
  std. dev.              5.538    5.8222    6.9079    6.9539

loser_ioc
  value                 19.643   21.0503   21.6392   15.9537
  min                        0         0         0         0
  max                      110       110       109        94
  mean                 18.2142   22.8127   19.8119   14.6528
  std. dev.            18.2315   23.0371   19.8704   15.2851

winner_total_aces
  value                585.631  505.9486  3626.501 1761.1218
  min                        0         0       849         0
  max                     3331      3633     11715     11116
  mean                629.5211  575.3196 3513.1024 1731.0608
  std. dev.           567.2369  587.0812 1808.7948 1320.4889

winner_total_df
  value                406.122  243.5173 1352.7126  828.6068
  min                        0         0       552         0
  max                     1618      1098      3117      2564
  mean                400.8215  269.3049  1369.071  790.4474
  std. dev.           315.0301  239.1258  411.4901  473.0996

loser_total_aces
  value               464.9667  470.8503 1014.5826 3194.8581
  min                        0         0         0       735
  max                     3258      4533      6749     11579
  mean                444.7132  452.3818  917.2868 3127.3303
  std. dev.           489.4393  544.2635  878.4348 1676.8575

loser_total_df
  value               291.8802  250.7575  474.0676 1374.3346
  min                        0         0         0       521
  max                     1388      1384      2430      3114
  mean                291.9717  234.9745  452.9749 1359.4513
  std. dev.           277.1425  248.7588  358.6243  413.4801

winner_is_head
  value                  0.142    0.1457    0.5102    0.3861
  min                        0         0         0         0
  max                        1         1         1         1
  mean                  0.1883    0.1383    0.4226    0.3532
  std. dev.              0.391    0.3453     0.494     0.478

loser_is_head
  value                 0.1579    0.0999    0.0723    0.3463
  min                        0         0         0         0
  max                        1         1         1         1
  mean                  0.1352    0.0979    0.1282    0.3497
  std. dev.              0.342    0.2971    0.3344    0.4769

ranking_diff
  value                86.2336  143.0553   57.1442   46.2423
  min                        0         0         0         0
  max                     1716      2090      2125      1134
  mean                 84.1562  140.9473    71.054   47.8144
  std. dev.           132.8065  240.0601  113.8502   77.6509